lastAccountName: TheMightyWill99
timestamps:
  login: 1509067708965
  logout: 1509068115906
ipAddress: 128.227.131.101
lastlocation:
  world: Caoms
  x: 25.0
  y: 148.0
  z: -18.0
  yaw: 0.0
  pitch: 0.0
logoutlocation:
  world: Caoms
  x: -156.90175098376247
  y: 58.0
  z: 207.11731283544762
  yaw: 88.352905
  pitch: -12.449694
