lastAccountName: Readersprite
timestamps:
  login: 1509061398375
  logout: 1509061837379
ipAddress: 128.227.32.222
lastlocation:
  world: Caoms
  x: 25.0
  y: 148.0
  z: -18.0
  yaw: 0.0
  pitch: 0.0
logoutlocation:
  world: Voxity
  x: 752.6546117863369
  y: 67.0
  z: -674.9991252011729
  yaw: 41.564148
  pitch: 5.705127
