lastAccountName: LookItsBenji
timestamps:
  login: 1587952158483
  logout: 1587952744896
ipAddress: 80.4.94.176
lastlocation:
  world: Sonora
  x: 25.0
  y: 148.0
  z: -18.0
  yaw: 0.0
  pitch: 0.0
geolocation: United Kingdom
money: '20'
logoutlocation:
  world: Sonora
  x: 11.887615182395042
  y: 145.0
  z: -5.461297373106408
  yaw: 94.61145
  pitch: 8.69952
