socialspy: false
lastAccountName: Heather
timestamps:
  login: 1471565659001
  lastteleport: 1470269583006
  logout: 1471565742445
ipAddress: 67.190.233.104
lastlocation:
  world: Caoms
  x: -19.799317127322254
  y: 140.0
  z: 8.587231177304819
  yaw: -343.49792
  pitch: 38.85003
logoutlocation:
  world: Caoms
  x: 23.336076321303842
  y: 148.0
  z: -20.19394962090834
  yaw: -17.544897
  pitch: 55.65
