lastAccountName: tori27
timestamps:
  login: 1587944048133
  logout: 1587944061915
ipAddress: 127.0.0.1
lastlocation:
  world: Sonora
  x: 25.0
  y: 148.0
  z: -18.0
  yaw: 0.0
  pitch: 0.0
logoutlocation:
  world: Sonora
  x: 25.24474092097959
  y: 148.0
  z: -17.49836521252327
  yaw: 89.20801
  pitch: 1.6684924
