lastAccountName: Markd315
timestamps:
  login: 1587340207429
  lastteleport: 1587340496073
  logout: 1587266539394
  kits:
    tools: 1587345237927
ipAddress: 73.171.227.64
lastlocation:
  world: Sonora
  x: 376.01356615758476
  y: 69.875
  z: 61.321658626566716
  yaw: 67.71622
  pitch: 42.75611
logoutlocation:
  world: Akama
  x: 340.2744424621601
  y: 61.335694816013245
  z: 2.70975034022638
  yaw: -90.21733
  pitch: 20.952915
afk: false
money: '63.9962000000000031'
