lastAccountName: Markd315
timestamps:
  login: 1628454675142
  lastteleport: 1628462419929
  logout: 1628462429831
  kits:
    tools: 1587345237927
ipAddress: 10.0.0.70
lastlocation:
  world: Sonora
  x: -35.70150033351487
  y: 71.0
  z: 1282.341313974819
  yaw: -175.89815
  pitch: 7.807886
logoutlocation:
  world: Sonora
  x: 14.618888126295847
  y: 147.0
  z: -17.039196352458145
  yaw: 80.274864
  pitch: 18.283705
afk: false
money: '4287.2871999999997656'
geolocation: United States
