lastAccountName: Markd315
timestamps:
  login: 1587872847887
  lastteleport: 1587872324481
  logout: 1587872838535
  kits:
    tools: 1587345237927
ipAddress: 73.171.227.64
lastlocation:
  world: Sonora
  x: -2.0421862607800016
  y: 156.5
  z: -2.3877581042330007
  yaw: -144.54578
  pitch: 17.083027
logoutlocation:
  world: Sonora
  x: 41.77102355448944
  y: 140.0
  z: -5.65765654611879
  yaw: 290.19592
  pitch: 20.668947
afk: false
money: '1910.2411999999998666'
