lastAccountName: Markd315
timestamps:
  login: 1588215787057
  lastteleport: 1588215801836
  logout: 1588215904223
  kits:
    tools: 1587345237927
ipAddress: 24.129.109.164
lastlocation:
  world: Voxity
  x: 198.38373781142897
  y: 65.0
  z: 194.0229381737721
  yaw: -117.45053
  pitch: 38.369076
logoutlocation:
  world: Sonora
  x: 11.087213257324027
  y: 145.0
  z: -9.971250333616492
  yaw: 39.161747
  pitch: 12.278378
afk: false
money: '4287.2871999999997656'
geolocation: United States
