lastAccountName: Markd315
timestamps:
  login: 1587359517628
  lastteleport: 1587360199489
  logout: 1587361062839
  kits:
    tools: 1587345237927
ipAddress: 73.171.227.64
lastlocation:
  world: Sonora
  x: 371.404397395463
  y: 69.0
  z: 59.49888737481404
  yaw: 114.95431
  pitch: 26.109112
logoutlocation:
  world: Sonora
  x: 361.1622917587908
  y: 69.0
  z: 70.05323612419195
  yaw: 204.3781
  pitch: 15.263579
afk: false
money: '1119.1001999999999118'
