lastAccountName: Markd315
timestamps:
  login: 1587351448502
  lastteleport: 1587354709902
  logout: 1587354790127
  kits:
    tools: 1587345237927
ipAddress: 73.171.227.64
lastlocation:
  world: Sonora
  x: 375.30000001192093
  y: 67.0
  z: 79.69999998807907
  yaw: 64.01768
  pitch: 3.4501903
logoutlocation:
  world: Sonora
  x: 359.5814201690152
  y: 69.0
  z: 73.15469733101182
  yaw: -230.88202
  pitch: 22.554499
afk: false
money: '604.0311999999998875'
