lastAccountName: Markd315
timestamps:
  login: 1587931933513
  lastteleport: 1587877667800
  logout: 1587931930640
  kits:
    tools: 1587345237927
ipAddress: 73.171.227.64
lastlocation:
  world: Sonora
  x: 24.553853775891106
  y: 148.0
  z: -16.38967437665938
  yaw: 13.537379
  pitch: 12.345116
logoutlocation:
  world: Sonora
  x: 375.4252069196138
  y: 70.0
  z: 60.28401189896791
  yaw: -352.35773
  pitch: 84.52807
afk: false
money: '3793.1281999999998746'
