lastAccountName: Markd315
timestamps:
  login: 1587949098322
  lastteleport: 1587950103425
  logout: 1587950111855
  kits:
    tools: 1587345237927
ipAddress: 127.0.0.1
lastlocation:
  world: Sonora
  x: 341.02378440080946
  y: 66.0
  z: 67.31260403662418
  yaw: 11.734794
  pitch: 17.283045
logoutlocation:
  world: Sonora
  x: 11.284599074088204
  y: 145.0
  z: -11.290642828860864
  yaw: 41.363388
  pitch: 12.812226
afk: false
money: '3726.6621999999998746'
