lastAccountName: Notch
timestamps:
  login: 1470161527087
  logout: 1470161699132
ipAddress: 25.37.52.223
lastlocation:
  world: Caoms
  x: 25.0
  y: 148.0
  z: -18.0
  yaw: 0.0
  pitch: 0.0
logoutlocation:
  world: Caoms
  x: 44.105931905789475
  y: 66.0
  z: 39.760826047536
  yaw: -156.29596
  pitch: 28.350004
