lastAccountName: ghyut1
timestamps:
  login: 1500685074655
  logout: 1500683090552
ipAddress: 76.18.212.14
socialspy: false
lastlocation:
  world: Caoms
  x: 25.0
  y: 148.0
  z: -18.0
  yaw: 0.0
  pitch: 0.0
logoutlocation:
  world: Caoms
  x: 25.36627159586208
  y: 148.0
  z: -17.51703555518398
  yaw: -272.0475
  pitch: 75.749954
