lastlocation:
  world: Caoms
  x: -93.5
  y: 1.0
  z: -95.5
  yaw: 249.99438
  pitch: 90.0
lastAccountName: Markd315
timestamps:
  login: 1509061132767
  logout: 1509060993501
  lastteleport: 1500683816749
ipAddress: 192.168.0.105
logoutlocation:
  world: Caoms
  x: 24.1021262187459
  y: 148.0
  z: -16.727217190112558
  yaw: 48.35547
  pitch: 3.6812549
afk: false
money: '333.16500000000000013'
homes:
  voxity:
    world: Odawth
    x: -180.04926415729233
    y: 140.0
    z: 210.51433856569759
    yaw: -154.80074
    pitch: 17.999977
  home:
    world: Odawth
    x: 50.0
    y: 102.0
    z: 146.0
    yaw: 0.0
    pitch: 0.0
socialspy: false
