lastAccountName: dalekcaan64
timestamps:
  login: 1509061373019
  logout: 1509061874925
ipAddress: 64.238.186.190
lastlocation:
  world: Caoms
  x: 25.0
  y: 148.0
  z: -18.0
  yaw: 0.0
  pitch: 0.0
money: '24.0'
logoutlocation:
  world: Caoms
  x: 13.7730736897715
  y: 146.0
  z: -37.41236329840571
  yaw: -337.79813
  pitch: 4.35
