lastAccountName: CocaCola0610
timestamps:
  login: 1439417816986
  logout: 1439418046011
ipAddress: 10.0.0.29
lastlocation:
  world: Caoms
  x: 25.22985577097756
  y: 148.0
  z: -17.517756245573416
  yaw: -266.24802
  pitch: 9.449999
logoutlocation:
  world: Caoms
  x: -28.69999998807907
  y: 151.0
  z: -45.512682555750594
  yaw: 99.90193
  pitch: 25.650074
