lastAccountName: dalekcaan64
timestamps:
  login: 1509147101025
  logout: 1509153317281
ipAddress: 64.238.186.190
lastlocation:
  world: Caoms
  x: 25.0
  y: 148.0
  z: -18.0
  yaw: 0.0
  pitch: 0.0
logoutlocation:
  world: Gillamoor
  x: 931.266814666111
  y: 4.0
  z: 550.2497597692577
  yaw: -45.750366
  pitch: 40.050087
