lastAccountName: CocaCola0610
timestamps:
  login: 1587162702228
  lastteleport: 1587162872689
ipAddress: 73.171.227.64
geolocation: United States
lastlocation:
  world: Sonora
  x: -11.810506066953458
  y: 69.0
  z: 63.5875190069368
  yaw: 85.47748
  pitch: 11.576369
