spawns: 
  default: 
    world: Sonora
    x: 25.182248972811266
    y: 148.0
    z: -17.493937549888823
    yaw: 89.20801
    pitch: 1.6684924
