spawns: 
  default: 
    world: Caoms
    x: 25.22985577097756
    y: 148.0
    z: -17.517756245573416
    yaw: -266.24802
    pitch: 9.449999
