spawns: 
  default: 
    world: Sonora
    x: 25.22610264537981
    y: 148.0
    z: -17.537337644927998
    yaw: 82.07664
    pitch: -3.870279
