world: Akama
x: 66.69999998807906
y: 57.0
z: 442.69999998807907
yaw: 147.62439
pitch: 20.068144
name: cave
lastowner: acbcd8c3-4612-394c-9332-643f3c0c2b47
