world: Sonora
x: -24.402264517282497
y: 141.0
z: 17.815582429974732
yaw: 65.8614
pitch: 22.888012
name: enchant
lastowner: acbcd8c3-4612-394c-9332-643f3c0c2b47
