world: Sonora
x: -59.78177661384194
y: 64.0
z: -86.4863052785117
yaw: 149.27249
pitch: 17.349768
name: frontier6
lastowner: acbcd8c3-4612-394c-9332-643f3c0c2b47
