world: Sonora
x: 23.612880532743024
y: 64.0
z: -86.57482642236423
yaw: 184.6388
pitch: 21.687145
name: frontier5
lastowner: acbcd8c3-4612-394c-9332-643f3c0c2b47
