world: Sonora
x: 92.08193971428418
y: 71.1240616056323
z: -86.69999998807907
yaw: 181.03563
pitch: 39.436916
name: frontier4
lastowner: acbcd8c3-4612-394c-9332-643f3c0c2b47
