world: Sonora
x: 112.30000001192093
y: 71.0
z: -62.27129147737535
yaw: 219.93846
pitch: 29.027184
name: frontier3
lastowner: acbcd8c3-4612-394c-9332-643f3c0c2b47
