world: Sonora
x: 47.79947648941743
y: 70.0
z: 64.05171322161912
yaw: 284.8657
pitch: 27.558968
name: frontier1
lastowner: acbcd8c3-4612-394c-9332-643f3c0c2b47
