world: Sonora
x: -45.24001397597982
y: 64.0
z: 64.6999999880791
yaw: -29.427443
pitch: 26.425245
name: frontier9
lastowner: acbcd8c3-4612-394c-9332-643f3c0c2b47
