world: Sonora
x: -93.571077912416
y: 80.0
z: 46.52205172306995
yaw: 95.35551
pitch: 48.31207
name: frontier8
lastowner: acbcd8c3-4612-394c-9332-643f3c0c2b47
