world: Sonora
x: -93.65084527731096
y: 73.0
z: -31.107982059356793
yaw: 3.0027025
pitch: 35.70021
name: frontier7
lastowner: acbcd8c3-4612-394c-9332-643f3c0c2b47
