world: Sonora
x: -17.196174425079214
y: 68.0
z: 64.69999998807906
yaw: 40.237514
pitch: 25.023907
name: frontier10
lastowner: acbcd8c3-4612-394c-9332-643f3c0c2b47
