world: Sonora
x: 112.69999998807907
y: 74.0
z: 18.13131980291116
yaw: 309.7558
pitch: 19.017796
name: frontier2
lastowner: acbcd8c3-4612-394c-9332-643f3c0c2b47
