world: Caoms
x: 41.52106666596568
y: 143.0
z: -34.34271567412194
yaw: 331.1747
pitch: 26.700012
name: Games
