world: Caoms
x: -22.930807649312847
y: 153.0
z: -13.624709092259168
yaw: -270.75586
pitch: 26.85001
name: hotel2
