world: Caoms
x: -18.534686371637665
y: 158.0
z: -21.70263009703634
yaw: -262.80664
pitch: 12.450005
name: hotel3
