world: Caoms
x: -1.063004494181668
y: 146.0
z: -7.869366249731613
yaw: -270.0039
pitch: 9.450021
name: hotel
