world: Caoms
x: -22.569156559226414
y: 147.0
z: -13.450983760635022
yaw: -271.79736
pitch: 49.199917
name: hotel1
