world: Caoms
x: -26.69999998807907
y: 176.5
z: -12.151126610347545
yaw: -75.01367
pitch: 3.4501817
name: hotel5
