world: Caoms
x: -22.521808236804947
y: 167.0
z: -12.034518212382908
yaw: -144.31384
pitch: 28.95018
name: hotel4
