world: Caoms
x: 12.774389482062949
y: 146.0
z: -36.049209893867655
yaw: -135.44807
pitch: 21.899988
name: portals
