world: Sonora
x: 4.866512509856046
y: 128.0
z: -12.743084013665483
yaw: -48.51274
pitch: 47.777893
name: senate
lastowner: acbcd8c3-4612-394c-9332-643f3c0c2b47
