world: Sonora
x: 7.466535715363853
y: 123.0
z: -13.335619233654082
yaw: 1.335846
pitch: 17.332197
name: senate_floor
lastowner: acbcd8c3-4612-394c-9332-643f3c0c2b47
