world: Caoms
x: 7.569626981724306
y: 128.5
z: -11.649516964486452
yaw: 359.70203
pitch: -7.6499715
name: senate
