world: Caoms
x: 30.55600318812751
y: 140.0
z: -7.541571367417626
yaw: 271.6287
pitch: 18.600029
name: shop
