world: Sonora
x: 342.03225479527123
y: 66.0
z: 65.98073249835858
yaw: -79.016525
pitch: 19.885466
name: stations2
lastowner: acbcd8c3-4612-394c-9332-643f3c0c2b47
