world: Caoms
x: 7.541523375909344
y: 131.0625
z: -46.69999998807907
yaw: 359.55203
pitch: 5.100027
name: throne
