world: Caoms
x: 24.98522252680656
y: 216.0
z: -17.326787505208795
yaw: 62.700745
pitch: 54.14989
name: topoftheworld
